 _a:0.136364_b:0.045455_c:0.045455_d:0.045455_g:0.136364_h:0.045455_o:0.045455_s:0.181818_t:0.227273_w:0.090909_
,_ :1.000000_
T_h:1.000000_
a_,:0.142857_m:0.142857_n:0.285714_s:0.285714_v:0.142857_
b_e:1.000000_
c_a:0.500000_r:0.500000_
d_ :0.500000_e:0.250000_i:0.250000_
e_ :0.294118_a:0.058824_c:0.058824_d:0.117647_l:0.058824_n:0.117647_r:0.176471_s:0.058824_t:0.058824_
g_ :0.250000_e:0.250000_l:0.250000_o:0.250000_
h_e:0.571429_i:0.142857_o:0.285714_
i_l:0.200000_n:0.200000_p:0.200000_s:0.200000_z:0.200000_
l_ :0.200000_d:0.200000_e:0.200000_o:0.400000_
m_b:1.000000_
n_ :0.428571_,:0.142857_g:0.142857_q:0.142857_t:0.142857_
o_ :0.125000_l:0.125000_n:0.125000_r:0.250000_v:0.125000_w:0.250000_
p_e:0.666667_p:0.333333_
q_u:1.000000_
r_ :0.285714_a:0.142857_e:0.428571_i:0.142857_
s_ :0.333333_e:0.222222_h:0.111111_p:0.111111_t:0.111111_u:0.111111_
t_h:0.375000_i:0.125000_l:0.125000_o:0.125000_r:0.125000_s:0.125000_
u_i:0.500000_n:0.500000_
v_e:1.000000_
w_ :0.500000_a:0.250000_h:0.250000_
z_o:1.000000_
